474
26
472
920
1766
1310
1827
650
1268
751
1041
916
597
1007
1149
1865
2056
459
224
1803
1986
1061
1070
547
453
361
984
1302
518
800
1603
1330
467
1645
550
257
927
554
1921
624
898
1643
1508
1502
428
1126
1723
922
923
178
273
1689
1467
430
282
1681
1340
1730
1050
1864
798
426
951
1000
1907
1293
494
746
510
1774
679
1709
795
369
981
417
1222
371
1704
353
1054
734
520
1286
1436
1432
744
1989
490
1047
1929
182
1119
1722
894
276
1974
1010
1382
496
2037
1249
1902
115
1797
1555
188
779
555
280
2008
420
816
664
1985
1486
651
1702
1489
645
681
964
1710
1978
1920
37
1885
155
540
822
1543
794
213
362
1376
604
2029
256
900
240
724
1522
153
1996
35
1831
1338
689
1022
1851
470
445
2082
1474
1501
263
1554
700
215
485
406
1248
1451
568
46
993
278
1414
355
1719
385
2040
1492
1364
1244
476
2074
1045
1090
1987
1893
1124
1778
274
1468
460
466
1337
183
611
220
40
1670
1498
1103
854
1075
2013
553
1640
28
1294
337
546
850
1223
522
971
443
628
438
1077
1909
865
1529
1087
1523
219
1908
879
2089
238
306
946
1260
792
831
200
531
1836
232
455
333
137
883
1074
1712
821
767
599
1660
1017
209
1291
437
418
382
298
517
1234
676
688
65
625
1239
538
341
456
1870
1862
1448
723
1904
112
917
1817
905
214
1671
1116
1531
1892
935
1413
1189
210
765
809
1418
1412
802
1934
783
956
1177
1758
1230
1514
733
2086
1426
1776
516
1356
34
136
620
910
573
312
564
1334
205
364
1666
686
503
1524
1809
122
726
1110
739
166
1096
1589
307
1100
1456
1156
889
1073
1842
1131
75
275
1818
230
1563
2003
2020
639
148
1046
2076
491
71
1198
1497
1200
407
571
1204
91
1707
1806
334
945
392
1684
1048
1838
82
1782
1107
290
1801
867
682
1442
1138
1538
1674
1063
1518
1680
468
666
289
848
297
1610
1424
325
572
2041
1327
1594
1166
489
305
331
1209
1213
970
11
1696
1570
1086
627
1678
1975
1066
1266
184
730
771
1668
141
2091
1137
1823
1755
1417
107
1058
1392
346
342
73
143
501
1505
1328
530
70
633
1407
1737
21
1875
1311
348
551
868
1169
574
632
1905
2072
762
1852
1388
1648
415
217
995
250
1480
233
720
44
194
793
1855
2010
1320
1419
963
1016
1639
1695
72
1347
1790
577
557
741
1113
1278
1728
1009
909
1396
1404
1476
1370
1499
796
2028
1991
1459
262
202
2017
558
575
235
8
1642
447
933
1355
54
1384
1916
267
458
1686
2032
1386
813
493
758
357
1656
1507
1617
114
891
2048
1011
1477
1713
1962
152
753
175
1488
1052
1807
117
6
465
552
135
635
2002
1102
284
1566
1526
2043
1440
1026
913
643
561
849
484
322
410
1240
1515
761
32
687
2001
634
311
1178
667
2066
1886
2044
473
449
1036
1051
1930
1091
1928
536
656
1067
888
837
475
111
1362
559
1399
1988
1472
671
1650
1305
1461
820
1373
748
834
1659
845
714
1917
976
2004
1947
56
1840
156
1027
812
1889
506
1665
1238
1578
441
1957
1471
383
1029
707
393
1391
248
169
132
1853
1775
389
90
1552
626
1495
801
606
684
269
102
246
1830
1550
347
1300
1082
1591
1664
177
959
1580
694
885
562
2005
1219
1990
685
563
535
764
1109
1763
828
295
1389
291
853
2016
1106
1625
1393
1341
1894
1687
1732
2090
838
1906
1357
292
1372
958
277
2054
1227
1637
805
59
1711
908
1872
1629
2075
1447
1844
1799
585
545
242
1187
1652
637
929
677
996
1661
1729
1993
1253
830
86
218
1142
823
2068
1003
936
1937
1206
1351
442
17
918
351
937
1283
1820
860
159
914
1098
2092
1868
1675
1353
1059
502
592
1288
646
1326
642
1960
1336
2071
268
1122
1469
1882
1901
370
1724
1408
1112
1940
1243
2046
24
236
513
41
1308
1966
846
1628
911
1452
1935
186
1825
228
947
1304
1411
1433
0
288
1777
1579
1429
181
1878
987
2065
1969
670
375
630
1279
824
179
1421
1994
1572
890
768
1954
514
1716
1427
2027
1173
304
1948
50
749
826
1952
451
1612
1509
711
1959
500
2051
2026
1982
1759
252
1731
784
412
696
1056
1366
1276
1821
377
1542
435
172
1858
1620
1443
229
524
1485
1618
1845
1148
478
582
1826
1258
542
345
770
1028
1465
1757
299
1970
157
1718
1913
1494
760
211
1093
907
851
1462
1569
1281
1943
1024
81
1329
338
239
270
1434
1493
732
931
266
786
1321
62
320
777
339
1539
692
2000
23
912
1383
1358
509
2045
327
1958
653
1585
421
223
662
89
2047
1259
1025
1587
349
1257
259
245
487
1231
329
663
1438
66
2006
1299
675
1599
2018
713
2038
1879
1111
1367
321
1422
576
1097
1425
672
776
595
316
350
789
1736
1374
1956
1006
1118
1787
695
944
1135
818
778
527
1741
158
1980
16
1804
1772
949
1309
1331
934
1385
1301
1848
1015
1857
745
804
1812
2049
1690
638
1995
138
605
529
1605
1205
1289
401
1019
1203
610
397
185
1375
896
817
1677
1898
1581
1734
1900
569
293
1233
1108
1697
1342
254
1669
1192
1193
1521
1229
533
1160
1444
594
519
457
1132
1161
1896
690
623
1164
162
1841
1532
1439
483
752
1813
39
1748
22
1002
2079
1463
847
869
1607
469
716
260
1466
1672
98
1030
619
1134
1284
641
354
1211
1705
414
717
1513
827
1405
372
930
702
154
1703
1316
197
251
1170
1285
1145
429
272
303
2007
324
940
1273
1537
261
919
1688
446
705
691
1379
750
161
481
1795
1676
548
728
1944
1083
1190
1653
1165
12
1013
96
1657
648
1053
1967
1181
1641
1701
1349
380
556
344
2060
844
189
1571
787
1602
302
580
852
1464
64
454
1368
1361
598
1194
482
1245
926
861
1683
1162
1679
1877
2033
1325
1049
488
1926
763
1
593
616
1455
2063
829
966
897
797
1846
1307
532
150
515
1740
1004
388
1446
335
1834
997
950
9
609
133
1023
647
171
588
431
755
2088
2097
1179
757
983
1450
1435
1319
1123
1261
498
537
1398
882
2031
241
725
318
727
174
613
969
1699
992
1746
1410
403
234
512
1604
1899
683
1600
1186
1756
247
190
982
1654
1151
1927
1624
654
871
1762
208
413
1460
994
600
1478
857
791
120
1754
1598
201
2050
146
204
858
387
95
941
1292
989
1228
1824
1651
1120
1196
1541
708
203
815
842
1832
644
1226
2077
1359
608
405
1115
1742
775
1984
2022
1282
2080
1267
991
1961
1611
144
957
1971
301
145
1012
1791
738
373
1626
294
988
901
1568
668
1068
769
526
1662
1621
127
1076
1084
30
743
125
629
977
1295
140
1638
1691
1779
1065
1323
87
